,alpha,std2,delta,ARL0_min_big,ARL0_max_big,ARL0_min_g,ARL0_max_g,ARL0_min_pwg,ARL0_max_pwg,h_min_big,h_max_big,h_min_pwg,h_max_pwg,h_min_g,h_max_g
0,0.6,3.0,0.5,33.12444444444444,509.6012396694215,33.946100917431195,494.8952590959206,29.71020856201976,387.75646123260435,1.095712545110812,3.106625897882558,1.2052837996218935,3.417288487670814,1.9011981437736605,6.045572623494261
1,0.6,3.0,1.0,43.111111111111114,460.1524324324324,39.075535512965054,473.19978858350953,38.86806282722513,374.84232365145226,1.8926976831077977,3.9994557437111182,2.0819674514185778,4.39940131808223,3.2769882207013024,8.322175929892719
2,0.6,3.0,1.5,38.63287086446105,508.9404761904762,40.773737373737376,539.7764952780692,39.41978021978022,491.6632337796087,2.1717073539960356,4.563073512828516,2.3888780893956394,5.019380864111368,4.242072025746614,10.183943635836076
3,0.6,3.0,2.0,53.11610878661088,424.89186295503214,57.12208067940552,417.7883650952859,61.44572025052192,529.0,2.5731216325653246,4.563600695939061,2.830433795821857,5.019960765532968,5.5582456201250094,10.776913404868349
4,0.6,3.0,3.0,47.797225186766276,999.1510934393638,47.40714285714286,471.8482142857143,55.129883843717,2670.7784371909,2.308839154800577,5.622015205863601,2.539723070280635,6.184216726449962,6.356198722617954,12.986059089152354
5,0.6,6.0,0.5,38.53549939831528,517.3228840125391,3.324096385542169,497.49250288350635,34.56028368794326,365.00205338809036,1.150412973163465,3.0620693725681387,1.2654542704798115,3.368276309824953,0.048545135444559,4.337226990800168
6,0.6,6.0,1.0,44.24917672886937,492.29990069513406,29.460264900662253,476.24597207303975,38.766480446927375,376.8470705064548,1.8379241845672505,4.003298105759666,2.0217166030239757,4.403627916335633,1.8645740462643314,6.443985271614998
7,0.6,6.0,1.5,51.711711711711715,459.60154738878146,38.0,473.66424116424116,49.52947368421053,372.84056508577197,2.280341503916872,4.2401760915776725,2.50837565430856,4.66419370073544,2.8348875442385952,7.87637170912276
8,0.6,6.0,2.0,50.35706695005314,492.14989293361884,36.59556494192186,515.1687242798354,50.04461371055495,465.798418972332,2.374574569868609,4.558840574559549,2.6120320268554704,5.014724632015505,3.3960621895340872,9.191681691339415
9,0.6,6.0,3.0,52.664039408867,569.2595057034221,49.31910352187833,430.6645962732919,62.6930596285435,824.3047034764826,2.437531461794089,4.889021982160107,2.681284607973498,5.377924180376118,5.1289880682211875,10.566459593871373
10,0.6,9.0,0.5,53.15588914549654,446.58244111349035,1.0,408.43336944745397,45.81277533039648,345.98960498960497,1.3467356670615653,2.978375904098652,1.481409233767722,3.2762134945085175,-1.0897510008150424,3.082347060042329
11,0.6,9.0,1.0,42.90269151138716,474.0414201183432,11.850225225225225,489.2025565388397,40.27995642701525,377.71942446043164,1.7472538898957692,3.910822822909161,1.9219792788853463,4.301905105200078,0.5922093686906886,5.226015998434497
12,0.6,9.0,1.5,45.02651933701657,612.2131147540983,21.44812362030905,520.8255319148936,40.48494623655914,498.4231943031536,2.0721524492018286,4.529255233619537,2.2793676941220116,4.982180756981491,1.4299383832610886,6.680120190186358
13,0.6,9.0,2.0,34.39589743589744,627.0128331688055,41.23059866962306,506.0594262295082,31.689892051030423,553.0357833655706,2.1192610393987947,4.732247723544482,2.3311871433386746,5.205472495898931,2.8069652036188835,7.62409856522886
14,0.6,9.0,3.0,27.12589559877175,474.4658753709199,41.08758314855876,487.18768619662364,26.530877573131093,657.2419028340081,2.1628110020884854,4.768831749282438,2.379092102297334,5.245714924210683,3.634698837221013,9.174636204154778
15,0.7,3.0,0.5,40.60088202866593,483.3467391304348,40.53312302839117,470.7899786780384,35.36780383795309,354.37692307692305,1.3011779030640727,3.214900202106629,1.4312956933704801,3.536390222317292,2.4510397456484077,7.107164460755078
16,0.7,3.0,1.0,47.90176600441501,452.9889258028793,45.99604743083004,460.21125265392783,43.71535181236674,348.3689727463312,2.071446952107481,4.0145489581730445,2.2785916473182297,4.4160038539903494,4.21812168419521,9.615650772832497
17,0.7,3.0,1.5,52.81315240083507,405.728813559322,48.29603255340793,530.1327800829876,50.615706806282724,341.6505494505495,2.4602739137596417,4.377632979461314,2.706301305135606,4.815396277407446,5.404661959270745,11.747337504012291
18,0.7,3.0,2.0,57.72244897959184,536.2967391304347,56.133200795228625,590.9919110212336,57.62420382165605,538.7450157397692,2.583188093083373,4.83558592057696,2.8415069023917106,5.319144512634656,6.462641501955458,13.751449076233854
19,0.7,3.0,3.0,12.914012738853502,1883.2117527862208,50.38650306748466,752.2740585774059,13.305668016194332,3502.75,1.6118218567569635,6.306206451295086,1.77300404243266,6.9368270964245955,7.460568441250056,17.851965247345795
20,0.7,6.0,0.5,30.441020191285865,557.031124497992,24.46889400921659,498.4785407725322,27.386885245901638,430.70483711747283,1.0870988894871683,3.3049893455640937,1.1958087784358853,3.6354882801205033,1.2796609945304172,5.869092085377643
21,0.7,6.0,1.0,48.64882226980728,486.61309523809524,42.76626240352812,407.54249011857706,43.473684210526315,386.6557213930348,1.9851823437864726,4.081472727232392,2.18370057816512,4.489619999955632,3.1291889939047373,8.218564678068232
22,0.7,6.0,1.5,52.952991452991455,502.7000983284169,50.84845250800427,460.2789046653144,50.675818373812035,421.6793422404933,2.3105856301859626,4.442477033638943,2.5416441932045593,4.886724737002838,4.435134892882553,10.427302720294463
23,0.7,6.0,2.0,47.6042328042328,609.2473012757606,48.247678018575854,457.8575788402848,37.265469061876246,572.3497584541063,2.302550903265199,4.891723922560833,2.5328059935917193,5.380896314816916,5.357358012803725,12.005379916729073
24,0.7,6.0,3.0,28.78625134264232,614.6184615384616,52.97027600849257,489.90767735665696,29.695652173913043,900.2613521695257,2.3290506897498733,5.112957392111733,2.561955758724861,5.624253131322907,7.0394634689699185,15.110085652040915
25,0.7,9.0,0.5,41.03186813186813,530.6585365853658,1.0,498.5986842105263,39.71182548794489,440.42814371257487,1.2903693121178474,3.2570921255071585,1.4194062433296324,3.5828013380578745,-0.44002753395903493,4.689281748304036
26,0.7,9.0,1.0,40.864197530864196,601.9898682877406,30.302197802197803,461.67745535714283,38.33221099887766,515.9040156709109,1.81735552237662,4.292877825878242,1.9990910746142823,4.722165608466066,1.868068487498478,7.24000790366346
27,0.7,9.0,1.5,52.82626680455016,501.838122605364,32.280126849894295,466.4065040650407,46.62145110410095,449.2769230769231,2.2689232599843865,4.513991861485636,2.4958155859828253,4.965391047634199,2.7851074207678486,9.095241483304433
28,0.7,9.0,2.0,28.7102615694165,753.0069582504971,35.677083333333336,531.2845360824742,29.831858407079647,665.7065326633166,2.0829930207095937,5.001937260057248,2.2912923227805533,5.502130986062973,3.6704916745142517,10.79275420876818
29,0.7,9.0,3.0,30.991313789359392,371.17525773195877,52.7801724137931,444.5122199592668,31.124197002141326,408.85,2.317854466140806,4.40166057954079,2.5496399127548868,4.8418266374948695,5.7177594102341445,12.667829648021444
30,0.8,3.0,0.5,54.38528138528139,439.97446808510637,41.34603501544799,483.8705882352941,48.52922077922078,354.69513513513516,1.570182859692381,3.2815670202264102,1.7272011456616192,3.6097237222490515,2.6976366018472158,7.659888571643429
31,0.8,3.0,1.0,44.581740976645435,494.7835365853659,41.68172690763052,511.47945205479454,40.92796610169491,395.451511991658,2.0685308465281653,4.249920337195625,2.2753839311809823,4.674912370915187,4.171249264309584,10.707852409377388
32,0.8,3.0,1.5,46.421923474663906,709.5168884339815,49.017119838872105,565.5669371196755,44.7607555089192,611.6715328467153,2.3551617029659684,4.9739099173139465,2.5906778732625653,5.4713009090453415,5.669148126057333,13.080839330220497
33,0.8,3.0,2.0,35.22037422037422,645.1732057416268,47.737226277372265,651.4549180327868,31.8120531154239,622.4351585014409,2.3434210837116,5.003748422952913,2.5777631920827604,5.5041232652482055,6.4927211487979335,15.796278348310322
34,0.8,3.0,3.0,17.451676528599606,433.237747653806,47.941520467836256,544.4645748987854,17.819960861056753,496.052,1.7131583627402296,4.950290865525879,1.8844741990142526,5.445319952078467,7.153455289755953,18.790233323431238
35,0.8,6.0,0.5,32.06039488966318,520.5027685492802,35.58359621451104,493.57191011235955,31.389016018306638,468.3963282937365,1.2323347712280854,3.4261137007661318,1.3555682483508942,3.7687250708427453,2.2224513315725685,7.913545425686012
36,0.8,6.0,1.0,53.215020576131685,394.6539961013645,48.75824175824176,392.2567287784679,51.333693304535636,348.443,2.206922418633872,4.005818911627745,2.4276146604972593,4.40640080279052,4.425061117673814,11.11220029702226
37,0.8,6.0,1.5,48.97805642633229,515.9336734693877,52.476875642343266,413.6197757390418,42.359423274974255,463.83034773445735,2.2855123576661955,4.6414165391311935,2.5140635934328155,5.105558193044313,6.164608003345865,14.222320734714303
38,0.8,6.0,2.0,36.79774127310061,538.4034378159757,46.92607802874743,400.21487603305786,36.389969293756394,505.9122632103689,2.3718899211081554,4.837411767132455,2.6090789132189713,5.321152943845701,7.192772560118851,16.339833715760786
39,0.8,6.0,3.0,50.847935548841896,222.5532945736434,47.742408376963354,666.4433198380567,55.42627599243856,251.9634966378482,2.921817259531072,3.842835761277045,3.2139989854841797,4.2271193374047495,9.77438620881504,24.150429802589827
40,0.8,9.0,0.5,41.19787234042553,454.2223350253807,28.14963119072708,459.5881006864989,41.35294117647059,433.54338842975204,1.3772706278301954,3.309752710096991,1.514997690613215,3.6407279811066906,1.413720386222496,6.904055539889839
41,0.8,9.0,1.0,56.68388429752066,421.92076228686057,43.43240454076368,426.70338983050846,57.7429718875502,407.72351160444,2.179131234384824,4.037304438260933,2.3970443578233067,4.441034882087027,3.5194830824379553,10.706331983675142
42,0.8,9.0,1.5,35.03270042194093,620.2740384615385,50.14882226980728,379.8859556494192,35.25545171339564,606.4355300859598,2.144186276935676,4.764193539394938,2.358604904629244,5.240612893334433,5.208487811333446,12.59330520452622
43,0.8,9.0,2.0,25.493827160493826,619.6600790513834,48.239508700102355,451.3168214654283,27.48891129032258,626.8509378084897,1.898020333221996,4.964583624984557,2.087822366544196,5.4610419874830125,6.154097653783035,15.658669227844747
44,0.8,9.0,3.0,27.17156862745098,469.49854510184286,50.86633165829146,545.1091836734694,28.454813359528487,521.5372233400402,1.8967318481033646,4.639568725894499,2.086405032913701,5.103525598483949,8.701784480393387,21.26066351124012
45,0.9,3.0,0.5,46.183496199782844,458.82285115303984,33.903294367693945,489.98562628336754,47.01901565995526,437.4555198285102,1.5843035226296482,3.4094526709025588,1.742733874892613,3.750397937992815,2.1360469773525352,6.458052263260981
46,0.9,3.0,1.0,55.25578947368421,416.1089211618257,51.994877049180324,471.1987767584098,56.61140443505808,403.91964285714283,2.2932553774372724,4.21311075870877,2.522580915181,4.634421834579648,3.7951176020911355,8.979197805093547
47,0.9,3.0,1.5,31.479102956167175,937.9582504970178,45.54043392504931,543.079754601227,32.86065573770492,902.2492211838006,2.165486065699346,5.273867129162751,2.3820346722692807,5.801253842079026,4.133412034417682,11.309475321444419
48,0.9,3.0,2.0,47.36510962821735,178.34012219959266,42.60283687943262,593.5359477124183,47.45292368681863,186.18996062992127,2.7229091855099234,3.745655689143731,2.995200104060916,4.120221258058105,4.292304901901446,13.58411812871486
49,0.9,3.0,3.0,22.25740551583248,511.03582089552236,58.83229813664596,509.3832046332046,22.24974411463664,545.8483316481294,1.2951938155161649,4.5785907190649136,1.4247131970677815,5.036449790971405,5.004198752684342,16.67861295485555
50,0.9,6.0,0.5,44.72675736961451,486.6243654822335,42.15555555555556,500.11178247734136,46.855555555555554,505.925,1.5169296586105427,3.4605299831137333,1.6686226244715971,3.806582981425107,2.6970144069264257,9.466243840729671
51,0.9,6.0,1.0,48.75555555555555,470.6446961894954,48.47645125958379,391.3286334056399,53.35356762513312,495.1132686084142,2.163483614684183,4.24828380191754,2.3798319761526012,4.6731121821092945,4.839532442869536,13.521744877661071
52,0.9,6.0,1.5,39.60329670329671,498.98612487611496,50.84842105263158,613.059,42.010893246187365,521.016016016016,2.296099957631177,4.655015736369387,2.5257099533942946,5.120517310006327,6.488053479023152,19.517055439905334
53,0.9,6.0,2.0,53.433439829605966,238.17482517482517,52.273737373737376,825.6816846229187,57.44318181818182,260.98558187435634,2.7471101626887147,3.9684065933892376,3.021821178957586,4.365247252728162,7.794540465484252,25.788812110940178
54,0.9,6.0,3.0,61.63214990138067,615.632911392405,50.23290598290598,1646.9123548046462,64.75712881022615,694.1100099108028,3.0023792496327357,4.782172211450476,3.30261717459601,5.260389432595524,9.692617229131024,39.51597648281357
55,0.9,9.0,0.5,34.19182746878547,571.4616161616161,45.6207605344296,366.48369565217394,37.37172177879133,625.1307456588355,1.3071330845833573,3.604775119398235,1.4378463930416931,3.9652526313380587,2.8858814514927955,9.811301000724189
56,0.9,9.0,1.0,45.67705088265836,486.5414078674948,50.743641912512714,469.7497446373851,48.19027921406411,547.5528455284552,2.129143755698887,4.290018733406952,2.342058131268776,4.719020606747647,5.367451420156292,16.413126030997383
57,0.9,9.0,1.5,32.73014145810664,571.575230296827,51.243486973947896,490.78695208970436,36.98618490967056,650.0069860279441,2.116880381499752,4.8059582908982845,2.328568419649727,5.286554119988113,7.241938118156413,21.487453879280576
58,0.9,9.0,2.0,69.69340101522843,250.03748733535969,50.604166666666664,1215.3858024691358,78.31736526946108,279.56420626895857,2.907219732803466,3.9589836522679147,3.197941706083813,4.354882017494707,8.72999624235276,33.56414197593633
59,0.9,9.0,3.0,58.603363006923836,974.8,49.788675429727,2054.1324110671935,63.863547758284604,1143.8727272727272,2.726802869733617,5.14905123644211,2.9994831567069786,5.663956360086322,11.894151786334938,49.66466423118419
